5.17545985385 1930
5.17046257172 2895
5.16673274204 3860
5.16328154649 4831
5.16817929203 5790
5.16885138035 6755
5.17086368412 7720
5.17009764704 8685
5.16985469262 9650
5.16634850968 10615
5.16750992534 11580
5.16882415381 12545
5.16320027444 13529
5.15704067124 14550
5.15517455372 15504
5.16481222551 16414
5.15982416744 17458
5.15137119465 18430
5.16854918208 19300
5.15979339631 20368
5.1560117353 21335
5.15792965759 22309
5.16119787652 23241
5.15001589048 24250
5.15332598435 25220
5.15966677316 26189
5.15684571265 27145
5.16555888684 28049
5.1559676051 29100
5.15427814624 30070
5.14950281485 31040
5.14967467598 32010
5.15377636123 32980
5.15380144591 33949
5.15175564557 34920
5.15838347809 35890
5.15842009187 36858
5.1569764282 37828
