1.1670625 4218
1.1750805 8299
1.170392 12318
1.187165 15953
1.206751 18973
1.2078235 23198
1.226885 27053
1.237775 30393
1.258884 33856
1.267153 37047
1.298253 39866
1.421612 39707
1.5338215 39037
1.662311 39717
1.791525 39436
1.9366135 38536
2.0965475 39081
2.232476 38840
2.3784865 38920
2.254141 41188
2.489277 39139
2.44589 40695
2.220909 40107
2.4951965 39127
2.2361425 41794
2.281095 41139
2.518935 38700
2.530219 39323
2.282184 41480
2.472987 38392
2.4753865 40124
2.47765 39849
2.595141 38461
2.5454235 38900
2.5097765 39229
2.2766205 41405
2.421415 40683
2.34762 39287
2.373126 39397
2.541841 38430
2.495291 38765
2.493047 38911
2.253569 41467
2.526621 37904
2.221892 41710
2.370308 39468
2.501553 38333
2.482543 38163
2.533667 39293
2.544044 38184
